1 0
2 0
3 0
4 0
5 0
6 0
7 0
8 0
9 0
10 0
11 0
12 0
13 0
14 0
15 0
16 0
17 0
18 0
19 0
20 0.143121
21 1.49736
22 3.37022
23 3.6216
24 2.79642
25 1.58677
26 1.11951
27 0.610345
28 0.44082
29 0.385303
30 0.465168
31 0.413227
32 0.562257
33 0.518529
34 0.515318
35 0.563049
36 0.64515
37 0.791584
38 1.05958
39 1.14526
40 1.34747
41 1.21538
42 1.07851
43 0.896515
44 0.812623
45 0.77823
46 0.691815
47 0.681261
48 0.616692
49 0.591525
50 0.6359
2000 50
1 0
2 0
3 0
4 0
5 0
6 0
7 0
8 0
9 0
10 0
11 0
12 0
13 0
14 0
15 0
16 0
17 0
18 0
19 0.009938
20 0.572485
21 2.84094
22 3.96627
23 3.88365
24 2.38374
25 1.23541
26 0.727155
27 0.532841
28 0.413831
29 0.397867
30 0.555074
31 0.592413
32 0.64111
33 0.531412
34 0.530474
35 0.663083
36 0.734229
37 1.06736
38 1.48293
39 1.70067
40 1.40852
41 1.09924
42 0.85135
43 0.885214
44 0.893526
45 0.797128
46 0.73454
47 0.745768
48 0.76898
49 0.815696
50 0.841387
